0,386
0,243
167,4
167,3
167,2
167,1
167,0
166,3
166,2
166,1
166,0
165,3
165,2
165,1
165,0
10,26
10,262
10,122
10,203
10,158
10,33
10,2
9,7
9,1
9,5
9,2
9,3
8,6
8,16
8,9
8,4
8,10
2,2
2,1
2,3
163,4
163,3
163,2
163,1
163,0
162,3
162,2
162,1
162,0
161,3
161,2
161,1
161,0
20,3
20,2
20,1
19,3
19,2
19,1
18,3
18,1
14,3
14,1
13,3
13,1
12,3
12,2
12,1
11,30
11,29
11,28
11,27
11,26
11,25
11,24
11,23
11,22
11,21
11,20
11,19
11,18
11,17
11,16
11,15
11,14
11,13
11,12
11,11
11,10
11,9
11,8
11,7
11,6
11,5
11,4
11,3
11,2
11,1
10,315
10,313
10,312
10,309
10,308
10,307
10,300
10,290
10,256
10,251
10,225
10,224
10,219
10,207
10,206
10,200
10,192
10,181
10,175
10,174
10,171
10,168
10,146
10,138
10,96
